BL_C: 0.0007925243157657363
BL_M: 1.139585563849305
BR_C: 0.011449331154623842
BR_M: 1.129027612374333
GL_C: -0.004892642093905474
GL_M: 1.176565382339635
GR_C: 0.0025894742619704965
GR_M: 1.121431051516716
RL_C: 0.009196399195759578
RL_M: 1.1243697599198945
RR_C: -0.0008382695003822438
RR_M: 1.1367639561560037
