GL_C: 0.030610487075289173
GL_M: 1.054401170269624
GR_C: 0.030312801481071246
GR_M: 1.0610994832838485

BL_C: 0.030610487075289173
BL_M: 1.054401170269624
BR_C: 0.030312801481071246
BR_M: 1.0610994832838485

RL_C: 0.030610487075289173
RL_M: 1.054401170269624
RR_C: 0.030312801481071246
RR_M: 1.0610994832838485
