AL_C: 0.035877500000000485
AL_M: 1.0227099999999927
AR_C: 0.03107250000000076
AR_M: 1.0549399999999938
BL_C: 0.0
BL_M: 0.0
BR_C: 0.0
BR_M: 0.0
CL_C: 0.0
CL_M: 0.0
CR_C: 0.0
CR_M: 0.0
