AL_C: 0.10382459282847378
AL_M: 0.007267721497993167
AR_C: 0.10382459282847378
AR_M: 0.007267721497993167
BL_C: 0.0
BL_M: 0.0
BR_C: 0.0
BR_M: 0.0
CL_C: 0.0
CL_M: 0.0
CR_C: 0.0
CR_M: 0.0
