BL_C: 0.02174260105836736
BL_M: 1.0726672993482398
BR_C: 0.005097690522394982
BR_M: 1.1622834695143165
GL_C: 0.014544215653171114
GL_M: 1.1358643109987403
GR_C: 0.008667218190999977
GR_M: 1.1356379646189034
RL_C: 0.021682369726352617
RL_M: 1.0495282258162861
RR_C: 0.0007039312935154437
RR_M: 1.1361344525360721
