BL_C: 0.018332133254607117
BL_M: 1.0984723389776259
BR_C: 0.011240303043973996
BR_M: 1.149538057354798
GL_C: 0.01748161036813785
GL_M: 1.130091145015801
GR_C: 0.0023000625817860016
GR_M: 1.1380669630286064
RL_C: 0.026991917795328176
RL_M: 1.0467935400273638
RR_C: -0.0029512017146136288
RR_M: 1.138747297998455
