BL_C: -7.591495021691908e-06
BL_M: 1.2054720575866067
BR_C: 0.012334821314760427
BR_M: 1.1613877742483207
GL_C: -5.635511328593158e-05
GL_M: 1.2414778568197704
GR_C: 0.004682098307710096
GR_M: 1.1567736088453873
RL_C: 0.009124092728632424
RL_M: 1.1663502397395868
RR_C: 0.0048289856924342515
RR_M: 1.1522427212561484
