BL_C: 0.014283916089110947
BL_M: 1.0526060957220014
BR_C: 0.022820611194382112
BR_M: 1.057347212863778
GL_C: 0.012655488322117363
GL_M: 1.0688916715812613
GR_C: 0.011508252049104299
GR_M: 1.0521054778770909
RL_C: 0.021818803910553686
RL_M: 1.0269211184401297
RR_C: 0.014170651886928915
RR_M: 1.0373007247919723
