AL_C: 0.030884816076588592
AL_M: 1.0516427459728122
AR_C: 0.03054231081412722
AR_M: 1.0585631919931722
BL_C: 0.0
BL_M: 0.0
BR_C: 0.0
BR_M: 0.0
CL_C: 0.0
CL_M: 0.0
CR_C: 0.0
CR_M: 0.0
